排 
球队/ 名称 
场次 
主场/ 统计 
客场/ 统计 
名 
球/ 场 
球/ 场 
尤文 
37 
10 
1.5 
1.7 
米兰 
37 
2.5 
1.7 
国米 
37 
10 
2.4 
12 
0.9 
佛罗伦 
37 
1.9 
13 
1.1 
罗马 
37 
10 
1.6 
拉齐奥 
37 
10 
1.6 
14 
1.1 
切沃 
36 
1.6 
13 
0.8 
巴勒莫 
36 
1.6 
14 
0.7 
利沃诺 
37 
10 
14 
0.8 
10 
帕尔马 
37 
13 
1.2 
12 
11 
恩波里 
37 
11 
1.3 
13 
0.8 
12 
乌迪内 
37 
14 
0.9 
15 
0.7 
13 
桑普多 
37 
13 
0.9 
15 
0.9 
14 
雷吉纳 
37 
10 
1.2 
16 
0.5 
15 
阿斯科 
37 
11 
1.2 
18 
0.5 
16 
卡利亚 
37 
12 
14 
0.8 
17 
锡耶纳 
37 
14 
0.7 
14 
18 
梅西纳 
37 
15 
0.7 
13 
0.6 
19 
莱切 
37 
15 
0.7 
16 
0.6 
20 
特雷维 
37 
15 
0.4 
17 
0.4 
