排名 
球队/ 名称 
赛 
胜 
平 
负 
进 
净 
客场/ 积分 
巴塞 
17 
10 
32 
14 
18 
34 
皇马 
18 
27 
15 
12 
33 
拉科 
18 
28 
22 
32 
巴伦西 
18 
23 
15 
31 
奥萨苏 
19 
21 
23 
29 
塞维利 
19 
25 
24 
27 
马德里 
19 
24 
19 
25 
切尔/ 达 
19 
20 
20 
25 
比利亚 
19 
22 
21 
24 
10 
加泰 
18 
22 
24 
23 
11 
萨拉戈 
18 
10 
19 
22 
22 
12 
桑坦德 
18 
18 
21 
22 
13 
毕尔巴 
19 
21 
28 
18 
14 
马洛卡 
19 
10 
16 
30 
14 
17 
15 
卡迪斯 
19 
11 
14 
27 
13 
16 
16 
西班牙人 
19 
10 
32 
22 
16 
17 
艾拉维 
19 
10 
15 
30 
15 
15 
18 
贝蒂斯 
18 
10 
14 
31 
17 
12 
19 
皇家/ 社会 
18 
12 
17 
37 
20 
12 
20 
马拉加 
18 
12 
20 
38 
18 
10 
