排名 
球队/ 名称 
赛 
胜 
平 
负 
进 
净 
主场/ 积分 
巴塞 
19 
15 
45 
15 
30 
48 
巴伦西 
19 
10 
34 
16 
18 
38 
皇马 
19 
11 
40 
21 
19 
37 
切尔/ 达 
18 
12 
24 
13 
11 
36 
奥萨苏 
18 
11 
26 
19 
36 
塞维利 
17 
10 
22 
10 
12 
35 
加泰 
19 
32 
24 
31 
比利亚 
18 
26 
18 
30 
贝蒂斯 
19 
19 
19 
29 
10 
皇家/ 社会 
19 
31 
27 
28 
11 
马德里 
18 
20 
17 
26 
12 
萨拉戈 
19 
26 
26 
24 
13 
毕尔巴 
18 
16 
17 
24 
14 
马洛卡 
18 
18 
20 
23 
15 
拉科 
19 
19 
22 
23 
16 
西班牙人 
18 
25 
24 
22 
17 
艾拉维 
18 
19 
24 
21 
18 
桑坦德 
19 
18 
26 
18 
19 
卡迪斯 
18 
17 
25 
17 
20 
马拉加 
19 
11 
16 
25 
14 
