球队/ 名称 
总/ 积分榜 
积分 
排名 
球队 
赛 
胜 
平 
负 
进 
净 
巴塞 
36 
25 
77 
29 
4882 
82 
皇马 
37 
20 
10 
67 
36 
3170 
70 
巴伦西 
37 
19 
12 
57 
31 
2669 
69 
奥萨苏 
37 
20 
12 
47 
42 
565 
65 
塞维利 
36 
18 
10 
47 
34 
1362 
62 
切尔/ 达 
37 
19 
14 
44 
33 
1161 
61 
拉科 
37 
15 
10 
12 
47 
44 
355 
55 
比利亚 
37 
13 
15 
48 
39 
954 
54 
加泰 
37 
15 
13 
54 
48 
654 
54 
10 
马德里 
37 
13 
12 
12 
44 
36 
851 
51 
11 
萨拉戈 
37 
10 
16 
11 
45 
48 
346 
46 
12 
毕尔巴 
37 
10 
12 
15 
37 
45 
842 
42 
13 
贝蒂斯 
37 
10 
11 
16 
33 
50 
1741 
41 
14 
桑坦德 
37 
13 
15 
36 
47 
1140 
40 
15 
皇家/ 社会 
37 
11 
19 
48 
64 
1640 
40 
16 
马洛卡 
37 
13 
15 
34 
50 
1640 
40 
17 
西班牙人 
37 
11 
17 
35 
56 
2138 
38 
18 
艾拉维 
37 
12 
17 
34 
54 
2036 
36 
19 
卡迪斯 
37 
12 
18 
31 
52 
2133 
33 
20 
马拉加 
37 
23 
36 
63 
2724 
24 
